100 6.298156e+08
110 1.929416e+09
120 5.007636e+09
130 1.340398e+10
140 2.947523e+10
150 2.813695e+10
160 1.979026e+10
170 1.487660e+10
180 1.185736e+10
190 9.935500e+09
200 8.672278e+09
210 7.816317e+09
220 6.705574e+09
230 3.013144e+09
240 1.359532e+09
250 6.155397e+08
260 2.795374e+08
270 1.272998e+08
280 5.812329e+07
290 2.660497e+07
300 1.220774e+07
310 5.614948e+06
320 2.588697e+06
330 1.194532e+06
340 5.509251e+05
350 2.546782e+05
360 1.180019e+05
370 5.480022e+04
380 2.550718e+04
390 1.189943e+04
400 5.563797e+03
